award N num.M prop rank year N.error prop.error
CGSD2 42 25 0.595238095238095 1 2016 62 0.403225806451613
CGSD3 178 108 0.606741573033708 2 2016 198 0.545454545454545
PDF 102 56 0.549019607843137 5 2016 122 0.459016393442623
PGSD2 150 91 0.606666666666667 3 2016 170 0.535294117647059
PGSD3 306 207 0.676470588235294 4 2016 326 0.634969325153374
CGSD2 48 29 0.604166666666667 1 2015 68 0.426470588235294
CGSD3 189 112 0.592592592592593 2 2015 209 0.535885167464115
PDF 89 70 0.786516853932584 5 2015 109 0.642201834862385
PGSD2 106 67 0.632075471698113 3 2015 126 0.531746031746032
PGSD3 312 210 0.673076923076923 4 2015 332 0.632530120481928
CGSD2 52 31 0.596153846153846 1 2014 72 0.430555555555556
CGSD3 192 117 0.609375 2 2014 212 0.55188679245283
PDF 87 60 0.689655172413793 5 2014 107 0.560747663551402
PGSD2 101 78 0.772277227722772 3 2014 121 0.644628099173554
PGSD3 310 192 0.619354838709677 4 2014 330 0.581818181818182
CGSD2 43 25 0.581395348837209 1 2013 63 0.396825396825397
CGSD3 198 111 0.560606060606061 2 2013 218 0.509174311926605
PDF 97 70 0.721649484536082 5 2013 117 0.598290598290598
PGSD2 89 57 0.640449438202247 3 2013 109 0.522935779816514
PGSD3 309 187 0.605177993527508 4 2013 329 0.56838905775076
