award N num.M prop rank year N.error prop.error
CGSD2 65 40 0.615384615384615 1 2017 85 0.470588235294118
CGSD3 223 130 0.582959641255605 2 2017 243 0.534979423868313
PDF 153 106 0.69281045751634 5 2017 173 0.61271676300578
PGSD2 98 59 0.602040816326531 3 2017 118 0.5
PGSD3 245 152 0.620408163265306 4 2017 265 0.573584905660377
CGSD2 64 38 0.59375 1 2016 84 0.452380952380952
CGSD3 217 132 0.608294930875576 2 2016 237 0.556962025316456
PDF 144 104 0.722222222222222 5 2016 164 0.634146341463415
PGSD2 91 54 0.593406593406593 3 2016 111 0.486486486486487
PGSD3 262 159 0.606870229007634 4 2016 282 0.563829787234043
CGSD2 55 35 0.636363636363636 1 2015 75 0.466666666666667
CGSD3 173 100 0.578034682080925 2 2015 193 0.518134715025907
PDF 145 105 0.724137931034483 5 2015 165 0.636363636363636
PGSD2 88 57 0.647727272727273 3 2015 108 0.527777777777778
PGSD3 283 191 0.674911660777385 4 2015 303 0.63036303630363
CGSD2 68 37 0.544117647058823 1 2014 88 0.420454545454545
CGSD3 237 144 0.607594936708861 2 2014 257 0.560311284046693
PDF 103 75 0.728155339805825 5 2014 123 0.609756097560976
PGSD2 83 61 0.734939759036145 3 2014 103 0.592233009708738
PGSD3 251 161 0.641434262948207 4 2014 271 0.59409594095941
CGSD2 43 25 0.581395348837209 1 2013 63 0.396825396825397
CGSD3 198 111 0.560606060606061 2 2013 218 0.509174311926605
PDF 97 70 0.721649484536082 5 2013 117 0.598290598290598
PGSD2 89 57 0.640449438202247 3 2013 109 0.522935779816514
PGSD3 309 187 0.605177993527508 4 2013 329 0.56838905775076
