year	Beekeepers 2	colonies	honey	ab
1924	160	0	55	
1925	140	2040	115	
1926	150	2560	215	
1927	200	3450	300	
1928	200	4150	336	
1929	150	4560	522	
1930	170	4450	990	
1931	190	5500	915	
1932	320	5700	550	
1933	320	5800	1000	
1934	1010	9390	1500	
1935	1000	13060	1100	
1936	1150	12180	1850	
1937	1240	13730	2160	
1938	1090	15230	2418	
1939	1590	18000	2178	
1940	2200	22000	2222	
1941	2400	24000	3120	
1942	3820	27500	2500	
1943	7500	42800	3800	
1944	9100	57000	5130	
1945	10000	63000	6000	
1946	11000	72000	6192	
1947	9560	77600	6507	
1948	6600	82200	10254	
1949	4800	55000	5830	
1950	4150	49000	4851	
1951	2120	38100	4500	
1952	2010	34600	4900	
1953	1560	31100	3856	
1954	1300	33800	2636	
1955	1270	35200	4611	
1956	1800	48200	4724	
1957	1800	48200	6459	
1958	1490	45900	7574	
1959	1540	54200	5095	
1960	1670	54900	7576	
1961	1390	60000	9600	
1962	1260	65400	6867	
1963	1100	71600	11600	
1964	1450	83850	9800	
1965	1320	114000	20050	
1966	1150	114000	13180	
1967	1400	120000	17380	
1968	1500	110000	10230	
1969	1400	120000	20280	
1970	1200	110000	20240	
1971	1200	115000	22540	
1972	1200	130000	20150	
1973	1300	145000	21605	
1974	1800	156000	17940	
1975	2000	158000	13904	
1976	2000	160000	20480	
1977	1800	165000	21450	
1978	1800	160000	20000	
1979	1700	150000	22600	
1980	1800	160000	22720	
1981	1700	170000	23100	
1982	1650	174000	18100	
1983	1610	172000	25100	
1984	1650	180000	27650	
1985	1700	181000	18500	
1986	1700	190000	23940	2800.00
1987	1480	193000	25500	2900.00
1988	1140	150000	23000	3600.00
1989	855	143500	17220	2700.00
1990	840	152000	23256	2450.00
1991	830	147000	21032	2982.10
1992	800	148000	23088	2750.00
1993	761	148000	23745	3640.00
1994	750	159000	31005	5000.00
1995	750	175000	21306	4400.00
1996	750	175000	20215	3000.00
1997	725	175000	23625	3950.00
1998	730	205000	38335	4300.00
1999	725	205000	24805	4520.00
2000	747	217000	24087	3700.00
2001	739	227000	26786	2670.00
2002	700	227000	29735	2500.00
2003	755	221000	27845	3300.00
2004	695	248000	33480	3775.00
2005	728	251000	31877	4250.00
2006	733	254000	46736	4480.00
2007	726	237000	28914	5000.00
2008	620	226000	25990	5170.00
2009	683	251000	29116	4900.00
2010	769	266000	34580	5500.00
2011	798	274600	34050	5970.00
2012	883	278400	38000	6550.00
2013	890	278100	33200	6180.00
2014	1015	282900	35500	6725.00
2015	1064	296880	39461	6180.00
2016	1453	309000	40170	5985.00
2017	1402	317000	40576	6890.00
2018	1572	311000	38564	6679.20
2019	1474	303500	25067	5820.80