106.0880014	6497.90	2800.00
124.2150605	6460.00	2900.00
134.4433122	9180.20	3600.00
111.9807456	7210.00	2700.00
133.0262898	6249.90	2450.00
139.7008701	7760.30	2982.10
133.3981036	7525.00	2750.00
134.4617392	10190.00	3640.00
150.6176485	14220.00	5000.00
128.4420575	13025.00	4400.00
116.6981917	8527.40	3000.00
131.476111	12032.80	3950.00
180.2563457	13414.80	4300.00
138.9022866	13749.70	4520.00
117.0800666	12007.40	3700.00
129.5241131	9353.40	2670.00
138.8820446	8964.80	2500.00
135.4179611	11587.20	3300.00
126.2606834	12026.60	3775.00
129.3285094	12788.60	4250.00
169.6353125	12943.80	4480.00
117.7794296	15649.00	5000.00
113.8368972	16052.00	5170.00
118.8306424	16101.70	4900.00
131.6672336	16945.90	5500.00
125.131678	18753.80	5970.00
131.5277297	21743.80	6550.00
114.5764815	20160.10	6180.00
122.8736147	20618.10	6725.00
132.1525545	20563.90	6180.00