1925	64.56690368
1926	63.50125207
1927	71.75598456
1928	66.21086186
1929	66.97120389
1930	83.55884465
1931	89.36947218
1932	75.04652295
1933	97.78495475
1934	104.199531
1935	94.25758773
1936	102.470401
1937	69.91406978
1938	115.9860924
1939	84.67829343
1940	70.79590505
1941	81.07824474
1942	65.68083363
1943	87.82831091
1944	71.31984188
1945	63.19254397
1946	42.79570289
1947	62.98284355
1948	79.22955423
1949	66.49276587
1950	65.92642545
1951	100.6767731
1952	81.00116716
1953	77.30442426
1954	58.48556276
1955	77.35166873
1956	73.55151515
1957	98.40650906
1958	82.68409979
1959	95.3341397
1960	98.44198692
1961	104.0574634
1962	90.20765413
1963	117.0416042
1964	95.91356216
1965	119.0155679
1966	103.5267296
1967	102.6400342
1968	80.59701493
1969	127.2180595
1970	125.2355481
1971	129.579991
1972	121.253295
1973	124.7493777
1974	96.68264459
1975	91.2951126
1976	105.6542294
1977	113.1658402
1978	118.9380843
1979	125.6843382
1980	106.0381705
1981	121.0023678
1982	101.4424599
1983	124.7879098
1984	135.4629958
1985	114.8068051
1986	106.0880014
1987	124.2150605
1988	134.4433122
1989	111.9807456
1990	133.0262898
1991	139.7008701
1992	133.3981036
1993	134.4617392
1994	150.6176485
1995	128.4420575
1996	116.6981917
1997	131.476111
1998	180.2563457
1999	138.9022866
2000	117.0800666
2001	129.5241131
2002	138.8820446
2003	135.4179611
2004	126.2606834
2005	129.3285094
2006	169.6353125
2007	117.7794296
2008	113.8368972
2009	118.8306424
2010	131.6672336
2011	125.131678
2012	131.5277297
2013	114.5764815
2014	122.8736147
2015	132.1525545