Year	Maximum	Mean	Minimum
1991	35.1	9.0	-21.3
1992	31.5	7.0	-22.1
1993	34.6	7.3	-21.8
1994	36.2	7.4	-31.0
1995	36.8	7.9	-22.8
1996	30.6	7.2	-22.2
1997	34.1	7.6	-24.6
1998	33.5	10.2	-17.4
1999	35.0	9.5	-23.6
2000	31.3	8.3	-22.0
2001	37.9	9.7	-19.9
2002	35.6	9.5	-16.5
2003	34.4	8.0	-24.7
2004	31.8	8.2	-24.3
2005	35.5	9.1	-24.2
2006	36.6	9.8	-14.5
2007	34.8	9.0	-22.1
2008	34.1	8.3	-18.2
2009	31.4	8.0	-22.2
2010	34.5	9.6	-19.0
2011	37.9	9.2	-21.2
2012	36.8	10.5	-16.5
2013	34.9	8.5	-20.9
2014	32.2	7.5	-24.2
2015	34.0	8.6	-25.5
2016	36.0	11.5	-26.3
